______
LRTB
______
Beginner
118
195
70
257
173
126
253
53
124
91
196
128
195
52
135
______
Easy
317
1351
344
686
645
430
214
588
308
314
660
1232
893
247
852
______
Medium 
False
3825
2689
5645
1929
2755
2415
2648
3320
3320
False
850
3379
4084
4282
______
Tricky
1908
3129
2587
False
5357
5427
20974
2943
2287
1457
4311
3807
3857
False
False
______
MFBMFN
______
Beginner
397
256
290
456
445
284
499
282
344
383
356
258
404
316
330
______
Easy
747
1145
705
932
841
741
566
695
659
636
979
1164
1085
522
1044
______
Medium
False
3924
3004
5533
2120
2597
2233
3625
3044
2246
False
1375
4534
3602
4824
______
Tricky
2346
3295
4943
False
5428
7857
20769
4610
2594
1818
3769
3937
4138
False
False
______
MFBLFN
______
Beginner
218
141
186
169
133
114
293
57
184
190
190
66
187
296
88
______
Easy
385
1186
449
836
660
513
635
626
674
283
882
1493
1167
337
747
______
Medium
False
3966
2929
4805
2115
3440
2648
2852
3247
3592
False
961
3034
3448
4373
______
Tricky
2223
3367
4761
False
5478
7466
14881
3072
2212
1611
4572
4017
5644
False
False
______
LFBLFN
______
Beginner
236
98
136
215
108
122
368
64
162
110
179
67
101
93
100
______
Easy
354
1285
694
895
585
442
551
751
749
353
986
1654
1235
319
692
______
Medium
False
4085
2922
4778
2149
3532
2641
3440
3333
3712
False
1325
2625
3494
3684
______
Tricky
2286
3345
3721
False
5581
6462
20989
3217
2274
1717
4525
4102
4082
False
False
______
LFBMFN
______
Beginner
366
237
347
366
432
276
483
244
312
380
334
234
389
315
312
______
Easy
736
1150
718
892
852
779
594
732
696
623
1007
1229
1027
498
1033
______
Medium
False
3955
3018
5514
2093
2644
2299
3212
3109
2332
False
1256
4023
3532
4927
______
Tricky
2430
3373
3540
False
5488
6798
20828
4638
2560
1857
3858
4008
4221
False
False
______
MFBMFNREV
______
Beginner
50
40
40
43
42
39
97
37
40
42
54
36
41
38
38
______
Easy
62
1146
92
307
163
56
189
536
200
79
431
1072
770
105
283
______
Medium
False
3596
3230
4686
1783
3387
2533
3079
2481
3296
False
1153
2384
3071
3711
______
Tricky
1745
3173
2632
False
5329
5275
14571
2875
1761
1095
4342
3877
3830
False
False
______
Weight
______
Beginner
124
184
71
223
124
122
197
56
124
73
221
91
189
56
122
______
Easy
340
858
424
409
464
396
218
305
384
288
4367
714
822
229
767
______
Medium
False
4528
1318
3802
2224
1945
1568
1568
1875
1674
False
756
1599
2446
2397
______
Tricky
1621
1573
6965
False
5261
3061
10644
4904
1984
5917
6380
2000
1197
False
False
______
Weight + MFBMFN
______
Beginner
97
57
141
142
305
137
318
110
52
61
100
109
170
69
108
______
Easy
490
443
288
480
322
366
335
231
348
229
725
457
387
250
470
______
Medium
False
4445
1474
3554
2313
1554
1260
1699
1274
1097
False
473
1823
2507
2384
______
Tricky
1587
1447
6488
False
4125
3918
10193
5080
1910
6091
10533
1886
1873
False
False
